1
936
7256 5907 3707
7352 4611 4506
1442 9941 3529
8553 2932 322
8633 5218 8412
3231 6679 8635
5274 8583 782
6175 2716 2489
8088 6374 9738
8006 9900 1959
960 58 9960
2555 9025 6831
2655 1779 7594
990 6852 2220
8630 4119 2664
1314 9664 36
5777 995 7693
2520 1563 4134
7803 5277 2083
2508 757 7679
8018 2357 249
1619 6054 758
6811 9821 5287
3946 9259 9840
5913 3414 2004
7958 2893 7713
9479 2738 5373
1300 1352 4132
4072 511 854
7918 8682 4348
3473 3045 6704
8727 5191 6586
1451 6510 2816
7257 8963 6438
2795 2833 3261
8206 1960 9477
7360 4024 3383
6787 2852 9429
7569 8723 6124
5584 6454 4850
7222 1006 3206
5264 8977 1909
388 4886 9470
9114 8392 1580
7322 1615 8244
2506 555 8749
1305 7821 9592
622 586 5517
7470 271 2193
7565 6560 2099
8401 1170 4447
7675 9181 1463
8875 7973 9655
7728 2536 115
7723 5662 8869
4302 396 8211
5161 7738 4607
870 4142 971
6743 9081 7586
5864 4977 3433
2476 1424 6945
6022 44 4554
2380 276 6998
1617 3256 9744
3249 5440 2288
9415 2059 3482
4957 4420 783
8413 7570 2472
2121 3768 9494
1055 41 490
199 3376 9223
7389 1549 1973
2806 692 7692
3533 6667 7232
3439 5150 1616
6025 7473 4254
1908 5067 7917
9028 1302 7327
8730 747 4594
4636 2927 1831
8011 1741 509
410 8713 756
892 8409 6164
7375 7302 2875
530 1675 8900
8818 2286 3350
421 2029 4458
1898 646 1212
5238 4342 6687
2550 7489 3359
346 9688 2078
7751 4153 751
8347 6444 104
8136 6495 277
6225 373 1186
5961 4783 2435
1778 512 4949
7162 4003 6509
9263 3573 1286
2637 2873 6242
6685 2185 1503
795 3005 8274
3909 3191 2085
1838 6296 779
2046 2845 7844
5141 3332 2498
984 8346 2325
78 6631 8974
8631 2831 9104
3828 14 3161
9856 615 1854
1987 8134 905
6190 2534 6455
4185 9374 5713
260 6618 2938
3536 5609 2257
9920 8926 8311
1247 9726 9001
9412 9361 1919
21 4721 2052
3864 2948 4732
9805 6461 8868
8423 888 8906
1369 3001 9998
6223 9309 4772
5517 5003 5189
5799 2771 6620
4278 9556 3722
5494 9240 2836
3419 6771 8633
1578 668 3753
6805 2965 75
2226 3093 9770
9504 8600 629
5890 94 4127
5258 1824 7995
408 2884 293
7537 1203 49
3959 5171 3012
3299 3744 7747
1578 6146 5427
7219 1404 8388
2852 3035 1892
1852 6024 635
4593 7777 4762
2673 8375 8657
7088 1389 4266
550 1037 7843
4155 1895 5513
8417 3074 2530
110 4914 2988
2505 164 2674
9783 9130 2751
7955 9228 6499
247 7743 9148
2518 7625 2975
5279 8761 8220
6459 792 7122
1110 6483 5293
2401 1888 5870
1109 3294 4439
4528 6979 9044
1669 9281 2658
1006 2160 3916
1793 3618 4720
2181 866 635
2551 9439 2174
1755 9324 781
7147 384 5352
519 4384 1078
4437 7824 4423
798 372 9397
5012 9566 7806
2712 9510 2072
2333 430 2636
1183 3708 3189
4058 1224 444
9243 4652 6286
9256 5355 2362
1432 2507 217
524 9902 2033
4160 8800 794
4380 3833 6810
6492 7352 991
4459 3697 8432
1281 4133 4100
2386 9591 2141
9461 576 3833
4866 9626 5017
5229 2878 3603
1384 2879 3835
6706 4459 5413
823 6811 230
3651 8651 248
3833 29 6264
2256 5680 4524
8611 6969 7913
2563 8707 9995
9515 6162 7688
1511 8357 6106
2542 4616 853
1778 9923 7321
6250 4473 2789
1223 60 637
7839 2649 9994
2555 1094 2973
9364 5880 7727
8548 6667 9472
6451 4625 2197
9614 7317 1374
246 1579 1539
4432 5387 3385
8188 1739 8392
9346 1634 8649
1605 3613 4399
2439 9492 1954
4220 1617 5910
3645 1392 7295
4239 8968 3782
4623 855 4612
674 38 866
4824 1301 1857
5058 6750 9055
4113 5548 393
6165 8086 7129
1836 451 8059
3501 9495 6627
1730 6269 6547
543 8593 2668
3121 979 5646
1623 3085 6775
8023 8547 1369
9595 6245 3
8583 6739 1058
9902 3094 5366
3544 2799 1602
3602 2108 4111
501 1170 1243
9761 354 4371
1987 3212 6356
7427 2821 2399
7394 4586 10
4671 165 1598
4724 8724 5405
8178 582 1781
817 2862 2342
2081 2406 9717
4114 5393 6483
5346 2017 8538
1266 8629 2252
6342 8216 8221
2892 2213 9705
6870 8678 8768
9750 7125 3268
7023 6936 2401
389 6267 9282
6917 2345 1270
8018 1219 3301
634 5768 4059
5838 352 2522
7324 2788 6210
7831 330 3148
7395 5386 2945
7027 5117 1010
6169 8399 9066
1632 8394 5112
4887 9328 434
7496 5031 940
6021 8590 2340
4573 6852 6729
251 8867 2721
6691 4488 7751
8130 8652 8175
4079 7620 1593
8910 9954 593
1645 6319 4989
4469 9078 1154
6917 2030 2283
8090 2413 8594
293 3926 4234
678 2027 4419
5477 876 3986
3760 7345 636
548 3779 8622
3958 4769 2858
3246 9670 8916
4149 2934 7194
776 5026 359
1120 1738 5240
7949 8899 8416
9096 8439 7128
2378 3568 7336
1636 4392 5827
6637 8736 3293
102 8897 7120
1410 587 9902
7312 5598 9683
8436 1392 8389
144 5854 2833
4206 5177 3491
688 2665 9698
5995 5203 1744
2315 2628 7570
4558 4471 8003
6264 9118 336
7982 9449 533
472 5753 374
1458 1187 431
5679 4261 2132
1956 6937 1342
8358 4793 8736
1367 9564 3600
8542 1861 9802
8272 573 5290
9925 6171 1689
3567 504 3230
2618 849 4569
2824 9281 1273
6988 2127 6928
432 8599 5104
7839 8114 3605
805 1612 851
4510 300 8194
3311 3542 8229
5262 4326 8869
3756 5358 1033
9464 3496 2090
766 1383 9955
168 362 1014
4396 8571 335
831 4089 7355
4499 5343 9216
603 1603 6800
264 9847 7224
1112 6891 8348
1866 2736 5727
7789 5378 4439
8070 514 84
6936 3874 3812
125 7257 3453
9527 8169 2101
56 1943 9320
829 1986 3558
5505 2378 7244
3828 9736 8455
8458 6496 9501
1100 7708 4142
4853 2717 6046
938 8300 8165
6429 92 5274
8077 5947 2509
8454 9362 2037
2696 4713 4614
2579 2116 6901
9173 1183 641
8597 1578 7562
2929 8518 1059
9371 1450 2711
1651 2489 8057
1837 1222 1820
7369 8298 5898
30 8484 3711
1549 1416 889
591 5153 4890
638 4294 7095
6075 5432 6569
6555 3106 1897
9904 6156 3812
9689 1058 9727
8431 1432 4047
1476 2134 4802
7764 5977 2590
9445 3387 6813
232 9663 177
2664 2625 5580
1420 6969 3798
2446 5260 7825
2732 5901 6032
6382 6478 706
1469 2730 9176
3342 7979 6277
9044 32 2785
9168 4787 3943
8322 9756 7343
9573 7 1266
9918 581 5103
7140 4121 1646
1284 5427 5582
8471 1744 8179
5170 3758 5440
2044 1531 5396
840 3891 4878
9803 3015 9160
8212 6019 1821
1425 2259 5809
7162 2375 7946
1377 2936 6862
9164 4862 107
6699 9537 9695
6040 2738 8345
9972 1172 1886
2738 9153 6766
100 4316 8266
4192 9706 4267
737 1346 7619
1309 971 4800
238 6621 1961
1134 4609 631
5798 4968 4576
5676 2380 4846
7699 8504 3421
5712 2070 2611
5502 2358 8834
4389 9750 2596
5692 318 4184
4060 5052 9781
5068 3860 7473
1822 4581 5609
836 6417 3871
5188 362 7657
5895 3788 1614
4346 48 9420
2478 8631 3587
2839 4308 19
4918 2281 9304
9702 9008 1280
2419 1474 2748
8587 6759 935
2508 1969 5214
1235 2065 5094
7121 6798 632
5417 3323 4150
7670 433 1356
5318 3575 8665
8881 8476 147
6153 5556 27
579 1256 400
3614 3298 3775
3609 78 2807
2751 1097 2150
1843 630 4589
1460 2470 9214
9810 8547 9814
5734 1482 3159
6659 1685 6899
2153 3684 7660
5066 7636 8054
4699 3355 8543
647 3063 1901
2412 798 9115
1052 4111 1005
9980 9798 8739
3849 6049 5579
8826 9114 7315
9534 9684 5054
3442 4689 1330
8418 8024 6816
4843 7156 6482
4861 8190 1667
7867 44 5993
5592 219 6863
2729 7529 2945
9845 1699 8234
2028 3278 3091
2839 6017 9490
83 9233 5176
2259 8639 7413
7319 1552 998
6323 5635 7708
7907 9564 7380
350 1452 7325
9385 5066 427
6796 7100 2960
2140 4577 183
5843 102 1207
7687 925 6589
6227 2287 8833
9063 2836 624
3921 1422 555
888 3905 7093
493 9641 6892
8159 1622 4092
341 1980 3297
565 1904 1669
8389 2169 4355
3738 3538 4253
3479 2938 1325
4336 2851 2707
9800 1868 8635
7403 341 665
9140 5806 2476
467 412 5912
7899 1517 9352
8357 7230 7541
3342 2327 3439
7642 4644 233
9327 955 5160
6066 8070 3346
4737 331 2520
5522 3238 1732
2729 7548 6622
9220 3714 4520
3415 1552 2131
2994 3515 4574
5131 3 8464
4890 4519 7650
6223 8169 9943
6346 4040 9948
1031 8270 5827
9511 925 3834
5338 4243 3022
1051 7701 7632
7046 8706 9542
3423 3015 2325
2391 6303 6481
8775 4064 4406
7444 7402 589
4019 4162 3985
3791 1762 4104
2218 2210 8479
1278 5132 3679
5198 317 382
1251 922 7184
1545 2496 3069
5807 238 3058
8800 5400 6922
5300 7427 1822
7337 1220 2143
3703 9049 8149
2954 1136 8001
6420 7819 20
1057 7069 6366
9197 6139 7054
6858 9018 9331
6044 6305 4017
6084 3509 7976
7879 6355 4630
6472 2750 6519
6974 948 3854
1721 9218 3709
2536 2584 7442
466 998 1024
1612 3787 8039
4156 6880 1095
2074 6138 7860
4917 2184 4447
6489 9328 87
5066 109 31
9116 2013 2530
7804 5617 5497
6398 178 2503
2633 6245 13
7165 3298 7317
6701 6242 1657
4480 8875 520
421 7375 7727
5866 6839 8420
6241 5599 3288
2625 6398 3599
3970 5175 4125
1861 9953 226
19 5190 1739
243 6868 7185
8381 1486 1387
6999 8328 4518
3324 8701 7341
5157 3992 1648
8933 7712 4448
4328 100 8665
1534 4368 3310
9719 9216 100
2442 5764 5158
9612 422 6070
2095 6057 1163
1488 7326 8990
2483 6409 9923
65 9209 1838
7 7137 3328
9219 4808 4665
5126 7551 3974
6150 9577 185
7501 8022 6395
9214 3492 4738
6130 4037 9109
4494 6004 1364
8271 4686 433
6019 2040 3771
577 3649 5270
3734 5088 7015
8832 4107 1302
8666 2688 9162
2012 1509 5756
7955 3020 6838
1653 6096 3240
1975 9216 2311
1646 1376 3940
7583 4347 2891
2626 2547 9309
6889 3547 8326
669 1619 2079
4790 2109 9762
5378 7411 6782
6147 1412 1330
2374 502 5009
237 5824 1398
3302 3965 9075
8462 5557 2203
4392 4089 5291
4835 9350 3451
112 4362 3456
5534 766 1793
1570 8656 6789
5930 6984 235
8719 8059 6752
9364 5968 1969
2112 7497 144
4087 5355 4085
3084 4087 9360
7589 3225 3712
5187 832 667
777 9297 7714
6229 3765 9790
8762 7633 775
8177 3589 2579
4391 66 954
4601 7126 7266
2984 870 4718
3628 3612 751
9806 507 584
277 1365 4621
3824 3493 300
5430 3558 4924
601 183 3561
7358 6257 1777
3545 7481 3982
4005 8399 3557
8097 6141 1483
4496 9770 4816
4173 3223 1414
3250 7784 7111
5688 458 5587
7301 6683 1561
450 5658 8534
1176 2133 6916
3249 7200 3888
1337 663 3567
4891 5917 7229
522 1370 2389
562 382 1263
4972 3063 2700
6510 5047 913
9893 4882 2309
4701 1553 2222
2361 8435 7270
1927 3226 8110
8023 9312 6106
139 7067 6453
9030 1728 3584
4701 3806 3055
7871 8746 3670
1626 897 7138
7756 6985 2355
7763 235 154
6198 1922 6847
4121 1819 2149
249 8225 9213
2034 4406 2753
7822 4711 6219
5986 6503 2748
7587 616 5370
7782 8493 4999
1274 957 4031
184 3358 5888
1536 7100 5985
1815 7749 8512
7646 8681 2378
7537 970 719
3971 1794 3538
1352 2307 3724
9079 3231 460
1254 4279 2363
120 7637 5262
8469 553 9733
1725 9279 8172
6152 5561 611
7123 7471 9191
9161 1042 5479
4887 7709 4890
9654 1390 6432
6389 9686 809
1390 1505 3152
6542 2081 5201
6717 149 2164
815 6729 1288
2490 5303 649
6503 9007 6608
5966 8671 2367
3644 5275 5019
7334 2371 6132
2939 72 762
4103 8116 610
458 6367 4648
2128 1886 5974
1224 5440 1740
2443 263 8439
5128 6021 81
8611 5734 9143
4380 9905 1855
8404 9582 368
9509 8436 1983
7990 9226 6536
7120 9025 3870
5594 9932 7760
9832 169 9630
6451 7063 20
1875 5648 5816
7652 7266 5784
6379 6783 2393
681 7778 138
953 2341 6218
1183 1172 5971
7085 6496 5334
5685 8950 5706
5971 9833 4662
5085 4511 2564
3943 11 7124
2700 7040 7487
7647 6100 5544
3313 2091 4734
558 1239 3971
2460 3064 861
8162 8167 5610
2824 2733 9924
5258 3447 723
2036 3506 1995
3636 7594 3589
7609 8624 3779
9974 8494 6049
1585 5349 562
1708 2168 843
4560 404 845
8504 1365 2224
3259 347 5383
3453 9224 4706
2968 1623 8119
7762 1499 7236
1807 3401 5414
6769 3133 6226
1896 1457 7941
3034 7773 8947
3151 2481 2912
3412 3440 578
1232 4870 6597
5574 9526 4095
279 7093 8598
484 204 9263
6916 9703 1914
7595 3433 9726
610 9982 9942
9783 1162 8190
8824 3129 6219
823 2893 1388
8796 9678 1941
9228 5295 1540
4397 2650 7307
7341 3768 1364
6009 6881 895
5125 4915 5507
6315 7280 1658
5856 1439 3865
2615 8298 2235
4117 5508 8262
4895 1347 219
4083 4077 3435
4831 9997 163
1270 2667 2720
2087 1629 5016
8224 8803 4519
418 4360 579
4222 1789 2738
684 3473 8420
3191 1168 2319
9682 2087 335
5538 229 2730
2864 1706 6287
6968 784 2876
3471 8391 1802
266 3375 4099
2569 3060 8319
3731 5690 8656
2115 5482 2996
8070 3912 586
8956 1455 8541
4928 6117 7600
560 8604 6469
8801 8038 8911
5710 707 510
9098 8570 8496
4536 5124 2376
5621 2194 1084
2983 1998 3812
3216 4720 4049
3645 7790 3578
5790 1949 9849
5704 869 6629
2575 2165 2792
9595 2088 8178
1539 6562 7473
9919 857 4778
2345 9433 4001
4836 3467 1203
1745 6424 1038
8760 9193 5850
9994 415 5667
5371 1420 816
8377 5836 8939
4631 2296 5000
5964 2455 2468
3618 1267 3552
733 3213 3851
8739 9696 5483
8584 3733 7632
9560 2779 739
6518 743 4741
1190 1974 4333
5711 6967 4549
4797 506 1492
9240 9428 1507
1059 1359 7350
6121 1814 6514
7321 3698 3551
5594 2592 954
8598 1011 5658
9310 74 3200
4989 232 8869
608 2732 4764
5154 6272 6577
1810 3939 8865
5351 8420 5838
235 5415 1723
1688 2674 1877
4678 8149 4280
9372 8523 3998
3779 5528 1936
2740 576 7234
4251 2756 1848
1761 2121 172
1826 3454 1437
8877 4186 6377
7913 5825 2513
1915 3953 7567
1460 2795 1086
7836 8033 7173
8817 4 2839
7272 6233 7434
9677 9807 9702
4028 982 3746
5598 3371 4724
4158 321 5081
7067 3410 9928
4916 4071 5707
8275 8482 3969
515 5955 8941
6061 2101 4485
4097 6711 4596
9280 6643 8464
4252 4609 2341
3843 5545 6213
8823 7101 2167
8358 1504 7148
186 3146 9726
4951 3791 2505
3642 9071 1075
6589 1583 8965
9474 6062 3932
1692 9570 1359
6648 4591 6866
2115 6454 5110
2381 9253 1625
6325 9107 1190
6202 4614 1577
7751 7895 7657
688 2346 1358
6184 1652 724
1371 2576 5526
902 3502 1853
6028 2556 1985
7108 4855 7717
7000 7239 5077
3205 6201 8389
1353 6183 7406
8496 1448 2663
857 6083 4596
1391 2887 3572
6718 3136 7704
1350 6776 2547
2511 5650 4473
624 8213 295
7412 7568 4786
3231 4523 3598
6926 4516 32
4755 7989 2835
5869 8306 1066
3823 165 48
8589 7274 810
7336 3775 7744
7887 5823 9765
1012 2705 3123
1916 7054 178
4633 797 2165
4438 1928 273
7322 8882 8976
8230 7749 7137
1071 9234 1397
6793 2149 1767
3874 6830 2806
8264 68 5509
4512 4251 4713
8588 813 703
2755 776 5307
5120 3665 4142
1195 2665 1888
4694 7735 5818
3904 1453 6087
2634 9019 330
5573 2062 3268
515 6064 6410
1869 8273 6446
6823 6844 8354
8726 3206 9694
509 29 5252
667 5787 366
2623 1917 7940
3343 7544 5276
5079 8290 8489
5531 7535 4394
